GLUE-Math with POSIX standard
Test Suite:
  Double Exponential Formula

I_1=int_0^1 1/sqrt(x) dx
 I_1= 2	, err= 8.88172e-16	, N= 67
I_2=int_0^2 sqrt(4-x*x) dx
 I_2= 3.14159265358979	, err= 1.39515e-15	, N= 57
I_3=int_0^infty 1/(1+x*x) dx
 I_3= 1.5707963267949	, err= 6.97574e-16	, N= 57
I_4=int_0^infty exp(-x)/sqrt(x) dx
 I_4= 1.77245385090552	, err= 1.57426e-15	, N= 115
I_5=int_0^infty sin(x)/x dx
 I_5= 1.5707963267949	, err= 1.4696e-15	, N= 126
I_6=int_0^infty cos(x)/sqrt(x) dx
 I_6= 1.2533141373155	, err= 6.71041e-15	, N= 135

Sample for Fresnel Integral Implementation
Ruby-like coding
def fresnel_cos(x)
  quadrand = proc do |nu|
    RMath.cos(PI * nu * nu / 2)
  end
  y = Quadrature.de(quadrand, 0, x)
  y[0]
end
def fresnel_sin(x)
  quadrand = proc do |nu|
    RMath.sin(PI * nu * nu / 2)
  end
  y = Quadrature.de(quadrand, 0, x)
  y[0]
end

  (x)     fresnel_cos(x)     fresnel_sin(x)
 -5.0  -0.563631188704012  -0.499191381917119
 -4.9  -0.500160967512303  -0.435067361787495
 -4.8  -0.433796581622998  -0.496750218958950
 -4.7  -0.491426490601028  -0.567145469012263
 -4.6  -0.567236682285748  -0.516192336949053
 -4.5  -0.526025915053539  -0.434272975048702
 -4.4  -0.438332940837678  -0.462268016411042
 -4.3  -0.449441171024908  -0.553995887666577
 -4.2  -0.541719203163414  -0.563198888396611
 -4.1  -0.573695631451205  -0.475798257032829
 -4.0  -0.498426033038178  -0.420515754246929
 -3.9  -0.422332710260933  -0.475202402350689
 -3.8  -0.448094947012820  -0.565618739795133
 -3.7  -0.541945662154488  -0.574980349887473
 -3.6  -0.587953259673416  -0.492309489111002
 -3.5  -0.532572435028001  -0.415248011972438
 -3.4  -0.438491703363802  -0.429649464443926
 -3.3  -0.405694403706258  -0.519286084982064
 -3.2  -0.466320346952038  -0.593349464618603
 -3.1  -0.561593902511357  -0.581815868085875
 -3.0  -0.605720789297686  -0.496312998967374
 -2.9  -0.562376450225824  -0.410140587056713
 -2.8  -0.467491651698906  -0.391528443543172
 -2.7  -0.392493969852748  -0.452917487616719
 -2.6  -0.388937496191969  -0.549989323152719
 -2.5  -0.457413009641777  -0.619181755819593
 -2.4  -0.554961405856428  -0.619689964945684
 -2.3  -0.626561709791952  -0.553151641560702
 -2.2  -0.636286044903319  -0.455704612124657
 -2.1  -0.581564135060834  -0.374273359378104
 -2.0  -0.488253406075341  -0.343415678363698
 -1.9  -0.394470534891523  -0.373347317816981
 -1.8  -0.333632927221557  -0.450938769267583
 -1.7  -0.323826876003900  -0.549195940321568
 -1.6  -0.365461683440488  -0.638887683509381
 -1.5  -0.445261176039822  -0.697504960082093
 -1.4  -0.543095783546257  -0.713525077363412
 -1.3  -0.638550454727029  -0.686333285534650
 -1.2  -0.715437722923074  -0.623400918546249
 -1.1  -0.763806666062012  -0.536497911096821
 -1.0  -0.779893400376823  -0.438259147390355
 -0.9  -0.764823021273327  -0.339776344393140
 -0.8  -0.722844171896356  -0.249341393053918
 -0.7  -0.659652351904510  -0.172136457863477
 -0.6  -0.581095446991652  -0.110540207359387
 -0.5  -0.492344225871446  -0.064732432859999
 -0.4  -0.397480759172359  -0.033359432660613
 -0.3  -0.299400976052047  -0.014116998006577
 -0.2  -0.199921057594453  -0.004187609161657
 -0.1  -0.099997532627085  -0.000523589547612
  0.0   0.000000000000000   0.000000000000000
  0.1   0.099997532627085   0.000523589547612
  0.2   0.199921057594453   0.004187609161657
  0.3   0.299400976052047   0.014116998006577
  0.4   0.397480759172359   0.033359432660613
  0.5   0.492344225871446   0.064732432859999
  0.6   0.581095446991652   0.110540207359387
  0.7   0.659652351904510   0.172136457863477
  0.8   0.722844171896356   0.249341393053918
  0.9   0.764823021273327   0.339776344393140
  1.0   0.779893400376823   0.438259147390355
  1.1   0.763806666062012   0.536497911096821
  1.2   0.715437722923074   0.623400918546249
  1.3   0.638550454727029   0.686333285534650
  1.4   0.543095783546257   0.713525077363412
  1.5   0.445261176039822   0.697504960082093
  1.6   0.365461683440488   0.638887683509381
  1.7   0.323826876003900   0.549195940321568
  1.8   0.333632927221557   0.450938769267583
  1.9   0.394470534891523   0.373347317816981
  2.0   0.488253406075341   0.343415678363698
  2.1   0.581564135060834   0.374273359378104
  2.2   0.636286044903319   0.455704612124657
  2.3   0.626561709791952   0.553151641560702
  2.4   0.554961405856428   0.619689964945684
  2.5   0.457413009641777   0.619181755819593
  2.6   0.388937496191969   0.549989323152719
  2.7   0.392493969852748   0.452917487616719
  2.8   0.467491651698906   0.391528443543172
  2.9   0.562376450225824   0.410140587056713
  3.0   0.605720789297686   0.496312998967374
  3.1   0.561593902511357   0.581815868085875
  3.2   0.466320346952038   0.593349464618603
  3.3   0.405694403706258   0.519286084982064
  3.4   0.438491703363802   0.429649464443926
  3.5   0.532572435028001   0.415248011972438
  3.6   0.587953259673416   0.492309489111002
  3.7   0.541945662154488   0.574980349887473
  3.8   0.448094947012820   0.565618739795133
  3.9   0.422332710260933   0.475202402350689
  4.0   0.498426033038178   0.420515754246929
  4.1   0.573695631451205   0.475798257032829
  4.2   0.541719203163414   0.563198888396611
  4.3   0.449441171024908   0.553995887666577
  4.4   0.438332940837678   0.462268016411042
  4.5   0.526025915053539   0.434272975048702
  4.6   0.567236682285748   0.516192336949053
  4.7   0.491426490601028   0.567145469012263
  4.8   0.433796581622998   0.496750218958950
  4.9   0.500160967512303   0.435067361787495
  5.0   0.563631188704012   0.499191381917119
