GLUE-Math with POSIX standard
Test Suite:
  log1p()

  (x)   float     double             long double         
 -1.0       -inf               -inf                  -inf
 -0.9  -2.302585 -2.302585092994045 -2.302585092994045906
 -0.8  -1.609438 -1.609437912434101 -1.609437912434100596
 -0.7  -1.203973 -1.203972804325936 -1.203972804325935845
 -0.6  -0.916291 -0.916290731874155 -0.916290731874155010
 -0.5  -0.693147 -0.693147180559945 -0.693147180559945309
 -0.4  -0.510826 -0.510825623765991 -0.510825623765990720
 -0.3  -0.356675 -0.356674943938732 -0.356674943938732363
 -0.2  -0.223144 -0.223143551314210 -0.223143551314209770
 -0.1  -0.105361 -0.105360515657826 -0.105360515657826307
  0.0   0.000000  0.000000000000000  0.000000000000000000
  0.1   0.095310  0.095310179804325  0.095310179804324865
  0.2   0.182322  0.182321556793955  0.182321556793954635
  0.3   0.262364  0.262364264467491  0.262364264467491043
  0.4   0.336472  0.336472236621213  0.336472236621212946
  0.5   0.405465  0.405465108108164  0.405465108108164382
  0.6   0.470004  0.470003629245735  0.470003629245735540
  0.7   0.530628  0.530628251062170  0.530628251062170370
  0.8   0.587787  0.587786664902119  0.587786664902119033
  0.9   0.641854  0.641853886172395  0.641853886172394788
  1.0   0.693147  0.693147180559945  0.693147180559945309
