GLUE-Math with POSIX standard
Test Suite:
  Hyperbolic Tangent and Hyperbolic Arctangent

for double
 (x)  atanh(x)  左のtanh
-1.00  -inf | -1
-0.95  -1.831780823064823 | -0.95
-0.90  -1.472219489583220 | -0.9
-0.85  -1.256152811988057 | -0.85
-0.80  -1.098612288668110 | -0.8
-0.75  -0.972955074527657 | -0.75
-0.70  -0.867300527694053 | -0.7
-0.65  -0.775298706205583 | -0.65
-0.60  -0.693147180559945 | -0.6
-0.55  -0.618381313574463 | -0.55
-0.50  -0.549306144334055 | -0.5
-0.45  -0.484700278594052 | -0.45
-0.40  -0.423648930193602 | -0.4
-0.35  -0.365443754271396 | -0.35
-0.30  -0.309519604203112 | -0.3
-0.25  -0.255412811882995 | -0.25
-0.20  -0.202732554054082 | -0.2
-0.15  -0.151140435936467 | -0.15
-0.10  -0.100335347731076 | -0.1
-0.05  -0.050041729278491 | -0.05
 0.00   0.000000000000000 |  0
 0.05   0.050041729278491 |  0.05
 0.10   0.100335347731076 |  0.1
 0.15   0.151140435936467 |  0.15
 0.20   0.202732554054082 |  0.2
 0.25   0.255412811882995 |  0.25
 0.30   0.309519604203112 |  0.3
 0.35   0.365443754271396 |  0.35
 0.40   0.423648930193602 |  0.4
 0.45   0.484700278594052 |  0.45
 0.50   0.549306144334055 |  0.5
 0.55   0.618381313574463 |  0.55
 0.60   0.693147180559945 |  0.6
 0.65   0.775298706205583 |  0.65
 0.70   0.867300527694053 |  0.7
 0.75   0.972955074527657 |  0.75
 0.80   1.098612288668110 |  0.8
 0.85   1.256152811988057 |  0.85
 0.90   1.472219489583220 |  0.9
 0.95   1.831780823064823 |  0.95
 1.00   inf |  1

for long double
 (x)  atanh(x)  左のtanh
-1.00  -inf | -1
-0.95  -1.831780823064822758 | -0.95
-0.90  -1.472219489583220347 | -0.9
-0.85  -1.256152811988057296 | -0.85
-0.80  -1.098612288668109815 | -0.8
-0.75  -0.972955074527656652 | -0.75
-0.70  -0.867300527694053107 | -0.7
-0.65  -0.775298706205583504 | -0.65
-0.60  -0.693147180559945275 | -0.6
-0.55  -0.618381313574463495 | -0.55
-0.50  -0.549306144334054846 | -0.5
-0.45  -0.484700278594051755 | -0.45
-0.40  -0.423648930193601833 | -0.4
-0.35  -0.365443754271396144 | -0.35
-0.30  -0.309519604203111703 | -0.3
-0.25  -0.255412811882995342 | -0.25
-0.20  -0.202732554054082203 | -0.2
-0.15  -0.151140435936466800 | -0.15
-0.10  -0.100335347731075586 | -0.1
-0.05  -0.050041729278491271 | -0.05
 0.00   0.000000000000000000 |  0
 0.05   0.050041729278491271 |  0.05
 0.10   0.100335347731075586 |  0.1
 0.15   0.151140435936466800 |  0.15
 0.20   0.202732554054082203 |  0.2
 0.25   0.255412811882995342 |  0.25
 0.30   0.309519604203111703 |  0.3
 0.35   0.365443754271396144 |  0.35
 0.40   0.423648930193601833 |  0.4
 0.45   0.484700278594051755 |  0.45
 0.50   0.549306144334054846 |  0.5
 0.55   0.618381313574463495 |  0.55
 0.60   0.693147180559945275 |  0.6
 0.65   0.775298706205583504 |  0.65
 0.70   0.867300527694053107 |  0.7
 0.75   0.972955074527656652 |  0.75
 0.80   1.098612288668109815 |  0.8
 0.85   1.256152811988057296 |  0.85
 0.90   1.472219489583220347 |  0.9
 0.95   1.831780823064822758 |  0.95
 1.00   inf |  1

for float
 (x)  atanh(x)  左のtanh
-1.00  -inf | -1
-0.95  -1.831781 | -0.95
-0.90  -1.472219 | -0.9
-0.85  -1.256153 | -0.85
-0.80  -1.098612 | -0.8
-0.75  -0.972955 | -0.75
-0.70  -0.867301 | -0.7
-0.65  -0.775299 | -0.65
-0.60  -0.693147 | -0.6
-0.55  -0.618381 | -0.55
-0.50  -0.549306 | -0.5
-0.45  -0.484700 | -0.45
-0.40  -0.423649 | -0.4
-0.35  -0.365444 | -0.35
-0.30  -0.309520 | -0.3
-0.25  -0.255413 | -0.25
-0.20  -0.202733 | -0.2
-0.15  -0.151140 | -0.15
-0.10  -0.100335 | -0.1
-0.05  -0.050042 | -0.05
 0.00   0.000000 |  0
 0.05   0.050042 |  0.0499999
 0.10   0.100335 |  0.0999999
 0.15   0.151140 |  0.15
 0.20   0.202733 |  0.2
 0.25   0.255413 |  0.25
 0.30   0.309520 |  0.3
 0.35   0.365444 |  0.35
 0.40   0.423649 |  0.4
 0.45   0.484700 |  0.45
 0.50   0.549306 |  0.5
 0.55   0.618381 |  0.55
 0.60   0.693147 |  0.6
 0.65   0.775299 |  0.65
 0.70   0.867301 |  0.7
 0.75   0.972955 |  0.75
 0.80   1.098612 |  0.8
 0.85   1.256153 |  0.85
 0.90   1.472219 |  0.9
 0.95   1.831781 |  0.95
 1.00   inf |  1
