GLUE-Math with POSIX standard
Test Suite:
  Bessel Functions

J_n(x) Bessel Function the 1st kind
 x   J_0(x)        J_1(x)        J_2(x)        J_3(x)       
 0  1.0000000000  0.0000000000  0.0000000000  0.0000000000
 1  0.7651976866  0.4400505857  0.1149034849  0.0195633540
 2  0.2238907791  0.5767248078  0.3528340286  0.1289432495
 3 -0.2600519549  0.3390589585  0.4860912606  0.3090627223
 4 -0.3971498099 -0.0660433280  0.3641281459  0.4301714739
 5 -0.1775967713 -0.3275791376  0.0465651163  0.3648312306
 6  0.1506452573 -0.2766838581 -0.2428732100  0.1147683848
 7  0.3000792705 -0.0046828235 -0.3014172201 -0.1675555880
 8  0.1716508071  0.2346363469 -0.1129917204 -0.2911322071
 9 -0.0903336112  0.2453117866  0.1448473415 -0.1809351903
10 -0.2459357645  0.0434727462  0.2546303137  0.0583793793
11 -0.1711903004 -0.1767852990  0.1390475188  0.2273480331
12  0.0476893108 -0.2234471045 -0.0849304949  0.1951369395
13  0.2069261024 -0.0703180521 -0.2177442642  0.0033198170
14  0.1710734761  0.1333751547 -0.1520198826 -0.1768094069
15 -0.0142244728  0.2051040386  0.0415716780 -0.1940182578
16 -0.1748990740  0.0903971757  0.1861987209 -0.0438474954
17 -0.1698542522 -0.0976684928  0.1583638412  0.1349305731
18 -0.0133558057 -0.1879948855 -0.0075325149  0.1863209933
19  0.1466294397 -0.1057014311 -0.1577559061  0.0724896614
20  0.1670246643  0.0668331242 -0.1603413519 -0.0989013946
Solution for j0(), j1()
 x   J_0(x)        J_1(x)       
 0  1.0000000000  0.0000000000
 1  0.7651976866  0.4400505857
 2  0.2238907791  0.5767248078
 3 -0.2600519549  0.3390589585
 4 -0.3971498099 -0.0660433280
 5 -0.1775967713 -0.3275791376
 6  0.1506452573 -0.2766838581
 7  0.3000792705 -0.0046828235
 8  0.1716508071  0.2346363469
 9 -0.0903336112  0.2453117866
10 -0.2459357645  0.0434727462
11 -0.1711903004 -0.1767852990
12  0.0476893108 -0.2234471045
13  0.2069261024 -0.0703180521
14  0.1710734761  0.1333751547
15 -0.0142244728  0.2051040386
16 -0.1748990740  0.0903971757
17 -0.1698542522 -0.0976684928
18 -0.0133558057 -0.1879948855
19  0.1466294397 -0.1057014311
20  0.1670246643  0.0668331242

Y_n(x) Bessel Function the 2nd kind
 x   Y_0(x)        Y_1(x)        Y_2(x)        Y_3(x)       
 1  0.0882569642 -0.7812128213 -1.6506826068 -5.8215176060
 2  0.5103756726 -0.1070324315 -0.6174081042 -1.1277837768
 3  0.3768500100  0.3246744248 -0.1604003935 -0.5385416161
 4 -0.0169407393  0.3979257106  0.2159035946 -0.1820221160
 5 -0.3085176252  0.1478631434  0.3676628826  0.1462671627
 6 -0.2881946840 -0.1750103443  0.2298579025  0.3282489460
 7 -0.0259497440 -0.3026672370 -0.0605266095  0.2680806030
 8  0.2235214894 -0.1580604617 -0.2630366048  0.0265421593
 9  0.2499366983  0.1043145752 -0.2267556816 -0.2050948781
10  0.0556711673  0.2490154242 -0.0058680824 -0.2513626572
11 -0.1688473239  0.1637055374  0.1986119671 -0.0914830039
12 -0.2252373126 -0.0570992183  0.2157207763  0.1290061437
13 -0.0782078645 -0.2100814084  0.0458876478  0.2242006847
14  0.1271925686 -0.1666448419 -0.1509989746  0.1235022777
15  0.2054642960  0.0210736280 -0.2026544790 -0.0751148224
16  0.0958109971  0.1779751689 -0.0735641010 -0.1963661942
17 -0.0926371984  0.1672050361  0.1123083792 -0.1407795351
18 -0.1875521596  0.0081551323  0.1884582854  0.0337244867
19 -0.1095196914 -0.1495601139  0.0937765215  0.1693025394
20  0.0626405968 -0.1655116144 -0.0791917582  0.1496732627
Solution for y0(), y1()
 x   Y_0(x)        Y_1(x)       
 1  0.0882569642 -0.7812128213
 2  0.5103756726 -0.1070324315
 3  0.3768500100  0.3246744248
 4 -0.0169407393  0.3979257106
 5 -0.3085176252  0.1478631434
 6 -0.2881946840 -0.1750103443
 7 -0.0259497440 -0.3026672370
 8  0.2235214894 -0.1580604617
 9  0.2499366983  0.1043145752
10  0.0556711673  0.2490154242
11 -0.1688473239  0.1637055374
12 -0.2252373126 -0.0570992183
13 -0.0782078645 -0.2100814084
14  0.1271925686 -0.1666448419
15  0.2054642960  0.0210736280
16  0.0958109971  0.1779751689
17 -0.0926371984  0.1672050361
18 -0.1875521596  0.0081551323
19 -0.1095196914 -0.1495601139
20  0.0626405968 -0.1655116144
I_n(x) Modified Bessel Function the 1st kind
 x   I_0(x)        I_1(x)        I_2(x)        I_3(x)       
 0  1.0000000000  0.0000000000  0.0000000000  0.0000000000
 1  1.2660658778  0.5651591040  0.1357476698  0.0221684249
 2  2.2795853023  1.5906368546  0.6889484477  0.2127399592
 3  4.8807925859  3.9533702174  2.2452124409  0.9597536295
 4 11.3019219521  9.7594651537  6.4221893753  3.3372757784
 5 27.2398718236 24.3356421425 17.5056149666 10.3311501692
 6 67.2344069765 61.3419367776 46.7870947173 30.1505402995

K_n(x) Modified Bessel Function the 2nd kind
 x   K_0(x)        K_1(x)        K_2(x)        K_3(x)       
 1  0.4210244382  0.6019072302  1.6248388986  7.1012628247
 2  0.1138938727  0.1398658818  0.2537597546  0.6473853909
 3  0.0347395044  0.0401564311  0.0615104585  0.1221703758
 4  0.0111596761  0.0124834989  0.0174014255  0.0298849244
 5  0.0036910983  0.0040446134  0.0053089437  0.0082917684
 6  0.0012439943  0.0013439197  0.0016919676  0.0024718981
 7  0.0004247957  0.0004541825  0.0005545622  0.0007710752
 8  0.0001464707  0.0001553692  0.0001853130  0.0002480257
 9  0.0000508813  0.0000536370  0.0000628006  0.0000815484
10  0.0000177801  0.0000186488  0.0000215098  0.0000272527
11  0.0000062430  0.0000065209  0.0000074286  0.0000092222
12  0.0000022008  0.0000022908  0.0000025826  0.0000031516
13  0.0000007785  0.0000008079  0.0000009027  0.0000010856
14  0.0000002761  0.0000002858  0.0000003170  0.0000003764
15  0.0000000982  0.0000001014  0.0000001117  0.0000001312
16  0.0000000350  0.0000000361  0.0000000395  0.0000000459
17  0.0000000125  0.0000000129  0.0000000140  0.0000000162
18  0.0000000045  0.0000000046  0.0000000050  0.0000000057
19  0.0000000016  0.0000000016  0.0000000018  0.0000000020
20  0.0000000006  0.0000000006  0.0000000006  0.0000000007
